 0.9639373876027243
 0.9475672941623681
 1.0987190478719695
 0.3487875731745928
 0.6454912213787437
 0.6498838875483754
 0.9721900005206342
 1.0933672351913775
 1.0825185688986156
 0.8300230933248715
 0.8852779086528529
 1.0349955175140908
 1.024605196635045
 0.7771552463779635
 1.013959149596055
 0.8489524066727278
 1.0020495904638507
 0.9956424942250116
 0.7125928421590303
 0.9863484015490388
 0.9383706547708048
 0.8522517904540826
 0.9941407553067503
 0.9880793091594271
 0.7351544519313052
 0.98248386102184
 0.9384092961128057
 0.9098507182565738
 0.46626188480323244
 0.9236187865134237
 0.9199606412639867
 0.648881330443048
 0.8989690216715281
 0.8613233309992159
 0.8358586222770691
 0.8632358183546552
